Время обновления: 2023-01-26 21:08:26
ID	Участник                 Место	Рейтинг	Посылки	+ (1000)   - (1000)	+	-
270345	Блинов Артемий           62	26683	3963	741	   8		1120	23
263178	Шестаков Вячеслав        71	25635	1873	750	   0		999	2
172592	Бабин Александр          83	24099	2943	585	   23		831	44
200929	Синицына Владислава      87	23693	2736	656	   22		871	36
220557	Соседов Максим           309	15491	1282	520	   23		539	25
262625	Вахитова Екатерина       3867	4047	692	210	   19		235	27
234042	Ведерников Ярослав       5017	3332	392	169	   17		174	17
275513	Попов Степан             7713	2370	828	80	   9		139	14
321426	Коляда Вадим             14323	1303	261	93	   3		96	4
272164	Колупаева Софья          16603	1115	360	82	   11		124	18
364695	Пожидаев Денис           19225	947	189	61	   20		64	20
272170	Тимошков Александр       21638	823	210	52	   6		61	10
321411	Трегубович Андрей        33903	472	63	19	   4		25	6
273909	Поликарпова Ирина        36305	429	104	27	   14		28	14
319464	Москвин Михаил           39773	376	61	21	   9		21	10
264744	Кудрявцев Никита         41652	351	182	31	   14		45	16
364710	Серебренникова Елена     47619	284	33	15	   2		17	2
275267	Аникутин Михаил          49047	270	132	24	   8		26	9
364699	Кассал Кирилл            49714	264	53	14	   0		14	2
321434	Фалалеев Святослав       55711	216	31	11	   0		13	0
273761	Абрамов Александр        66749	153	111	24	   2		41	3
364694	Костюк Виктор            73535	126	28	7	   2		8	3
273914	Шкаробурова Дарья        77282	113	20	14	   1		14	1
318036	Веревкин Артемий         81132	101	38	12	   4		12	4
261450	Степанова Дарья          110066	47	18	7	   1		7	1
355747	Дмитриева Марина         131174	28	10	10	   0		10	0
318039	Димитришина Маргарита    137016	24	4	3	   0		3	0
318037	Шоноров Владислав        165118	10	5	4	   0		4	0
318038	Леонкин Константин       193740	2	8	1	   2		1	2
