Время обновления: 2023-01-06 00:03:21
ID	Участник                 Место	Рейтинг	Посылки	+ (1000)   - (1000)	+	-
263178	Шестаков Вячеслав        80	24233	1777	725	   0		958	3
262625	Вахитова Екатерина       4164	3841	665	203	   17		228	25
321426	Коляда Вадим             14209	1303	261	93	   3		96	4
328905	Леонтьв Дмитрий          21345	829	208	60	   4		69	6
369107	Медведев Александр       31272	522	96	32	   8		36	8
416762	Дегтерева Карина         34770	451	35	22	   5		22	5
321540	Казаков Максим           45317	304	26	13	   0		13	0
369588	Поддубецкий Антон        46688	290	112	22	   8		27	11
321423	Карпович Александр       55687	213	28	12	   3		12	4
415632	Ченченко Даниил          58895	193	39	16	   1		16	1
371742	Провалинский Владимир    66278	153	30	14	   1		14	2
415486	Шатохин Данил            79635	104	37	11	   1		13	1
415633	Селедкин Ярослав         86605	85	39	10	   1		12	1
352865	Трегубович Андрей        101128	57	16	8	   0		8	0
417223	Пяткова Валерия          103854	53	18	6	   2		6	2
417133	Виктор Морозов           122534	33	7	6	   1		6	1
418688	Глушков Артём            217644	0	0	0	   0		0	0
